20210923150050 38.17 88.70 1.60 17
20210926230017 38.23 90.98 2.00 9
20211005012109 37.87 87.70 2.30 17
20211006182855 37.83 87.73 2.00 6
20211014174959 39.63 92.47 4.20 10
20211020005220 39.17 88.77 1.40 10
20211020193535 38.02 88.58 1.90 6
20211025041334 37.73 87.37 1.40 20
20211026011822 37.75 91.73 2.20 11
20211027000956 38.33 87.78 2.70 6
20211031223816 38.73 88.63 1.60 9
20211101022841 38.90 92.47 2.20 9
20211104134618 38.17 88.83 1.70 16
20211104154536 39.27 88.03 1.70 19
20211106025128 38.32 89.32 3.70 19
20211109032628 38.82 89.35 1.70 16
20211121025546 38.08 91.07 1.60 7
20211122140157 37.87 89.25 2.10 16
