2021-09-23T07:00:50.000000Z 38.17 88.70 1.60 17
2021-09-26T15:00:17.000000Z 38.23 90.98 2.00 9
2021-10-04T17:21:09.000000Z 37.87 87.70 2.30 17
2021-10-06T10:28:55.000000Z 37.83 87.73 2.00 6
2021-10-14T09:49:59.000000Z 39.63 92.47 4.20 10
2021-10-19T16:52:20.000000Z 39.17 88.77 1.40 10
2021-10-20T11:35:35.000000Z 38.02 88.58 1.90 6
2021-10-24T20:13:34.000000Z 37.73 87.37 1.40 20
2021-10-25T17:18:22.000000Z 37.75 91.73 2.20 11
2021-10-26T16:09:56.000000Z 38.33 87.78 2.70 6
2021-10-31T14:38:16.000000Z 38.73 88.63 1.60 9
2021-10-31T18:28:41.000000Z 38.90 92.47 2.20 9
2021-11-04T05:46:18.000000Z 38.17 88.83 1.70 16
2021-11-04T07:45:36.000000Z 39.27 88.03 1.70 19
2021-11-05T18:51:28.000000Z 38.32 89.32 3.70 19
2021-11-08T19:26:28.000000Z 38.82 89.35 1.70 16
2021-11-20T18:55:46.000000Z 38.08 91.07 1.60 7
2021-11-22T06:01:57.000000Z 37.87 89.25 2.10 16
