1001	88.1739 	40.3722 	822.60 
1002	88.1810 	40.3654 	831.70 
1003	88.1890 	40.3581 	828.90 
1004	88.1953 	40.3508 	832.00 
1005	88.2008 	40.3434 	826.10 
1006	88.2065 	40.3354 	823.30 
1007	88.2121 	40.3264 	821.40 
1008	88.2202 	40.3161 	833.20 
1009	88.2371 	40.3111 	826.80 
1010	88.2456 	40.2980 	822.80 
1011	88.2492 	40.2892 	828.00 
1012	88.2526 	40.2813 	824.30 
1013	88.2537 	40.2743 	819.10 
1014	88.2511 	40.2647 	824.30 
1015	88.2503 	40.2566 	826.50 
1016	88.2522 	40.2498 	819.80 
1017	88.2533 	40.2418 	824.20 
1018	88.2500 	40.2284 	824.30 
1019	88.2471 	40.2224 	820.70 
1020	88.2478 	40.2124 	821.20 
1021	88.2495 	40.2050 	817.50 
1022	88.2506 	40.1969 	824.60 
1023	88.2551 	40.1887 	821.80 
1024	88.2608 	40.1805 	820.90 
1025	88.2683 	40.1713 	820.30 
1026	88.2843 	40.1672 	829.60 
1027	88.2979 	40.1610 	818.30 
1028	88.3126 	40.1587 	821.60 
1029	88.3307 	40.1543 	817.80 
1030	88.3517 	40.1493 	822.30 
1031	88.3608 	40.1410 	820.20 
1032	88.3690 	40.1311 	817.90 
1033	88.3736 	40.1172 	817.30 
1034	88.3718 	40.1092 	817.60 
1035	88.3681 	40.0989 	817.10 
1036	88.3683 	40.0832 	815.80 
1037	88.3705 	40.0736 	823.80 
1038	88.3800 	40.0646 	820.80 
1039	88.3795 	40.0573 	818.20 
1040	88.3811 	40.0448 	817.50 
1041	88.3773 	40.0396 	818.90 
1042	88.3706 	40.0272 	815.60 
1043	88.3708 	40.0207 	815.20 
1044	88.3713 	40.0125 	816.10 
1045	88.3661 	40.0022 	813.70 
1046	88.3644 	39.9917 	816.10 
1047	88.3617 	39.9791 	813.50 
1048	88.3615 	39.9724 	814.40 
1049	88.3622 	39.9674 	814.90 
1050	88.3641 	39.9585 	810.30 
1051	88.3654 	39.9509 	813.60 
1052	88.3668 	39.9427 	814.50 
1053	88.3716 	39.9363 	815.20 
1054	88.3756 	39.9289 	817.30 
1055	88.3806 	39.9209 	821.40 
1056	88.3804 	39.9131 	813.10 
1057	88.3889 	39.9053 	812.80 
1058	88.3950 	39.8965 	818.60 
1059	88.4001 	39.8886 	816.30 
1060	88.4002 	39.8770 	806.90 
1061	88.3997 	39.8670 	814.30 
1062	88.3944 	39.8609 	808.70 
1063	88.3888 	39.8546 	800.50 
1064	88.3877 	39.8453 	820.30 
1065	88.3901 	39.8363 	815.60 
1066	88.3910 	39.8275 	807.80 
1067	88.3857 	39.8175 	810.00 
1068	88.3818 	39.8099 	811.30 
1069	88.3811 	39.8018 	812.70 
1070	88.3788 	39.7926 	815.80 
1071	88.3833 	39.7849 	812.80 
1072	88.3868 	39.7788 	811.60 
1073	88.3898 	39.7701 	807.10 
1074	88.3922 	39.7623 	805.30 
1075	88.3933 	39.7539 	806.30 
1076	88.3996 	39.7452 	809.40 
1077	88.4008 	39.7363 	808.70 
1078	88.4049 	39.7264 	807.70 
1079	88.4069 	39.7186 	806.10 
1080	88.4071 	39.7081 	812.70 
1081	88.4121 	39.7008 	805.70 
1082	88.4153 	39.6912 	807.90 
1083	88.4206 	39.6824 	811.20 
1084	88.4244 	39.6742 	802.10 
1085	88.4248 	39.6646 	793.20 
1086	88.4252 	39.6554 	786.20 
1087	88.4268 	39.6450 	809.70 
1088	88.4276 	39.6386 	811.30 
1089	88.4266 	39.6302 	809.30 
1090	88.4241 	39.6187 	807.70 
1091	88.4227 	39.6116 	807.40 
1092	88.4235 	39.6059 	806.80 
1093	88.4169 	39.5978 	805.80 
1094	88.4091 	39.5903 	804.10 
1095	88.3983 	39.5774 	806.80 
1096	88.3966 	39.5691 	806.80 
1097	88.3888 	39.5550 	799.90 
1098	88.3874 	39.5486 	805.40 
1099	88.3804 	39.5422 	801.90 
1100	88.3728 	39.5370 	803.60 
1101	88.3572 	39.5267 	806.30 
1102	88.3477 	39.5168 	803.50 
1103	88.3619 	39.5092 	802.10 
1104	88.3760 	39.5016 	800.50 
1105	88.3889 	39.4949 	802.80 
1106	88.3981 	39.4894 	803.80 
1108	88.4095 	39.4843 	804.90 
1109	88.4199 	39.4777 	799.30 
1110	88.4302 	39.4723 	802.20 
1111	88.4375 	39.4684 	798.40 
1112	88.4461 	39.4638 	799.70 
1113	88.4552 	39.4589 	799.90 
1114	88.4650 	39.4538 	801.50 
1115	88.4729 	39.4495 	802.60 
1116	88.4819 	39.4447 	801.30 
1117	88.4910 	39.4398 	800.20 
1118	88.4987 	39.4367 	797.00 
1119	88.5073 	39.4321 	800.80 
1120	88.5180 	39.4264 	802.00 
1121	88.5248 	39.4232 	806.10 
1122	88.5331 	39.4185 	801.60 
1123	88.5417 	39.4136 	803.20 
1124	88.5501 	39.4092 	794.40 
1125	88.5595 	39.4042 	795.20 
1126	88.5707 	39.3984 	794.90 
1127	88.5776 	39.3945 	799.80 
1128	88.5870 	39.3897 	798.70 
1129	88.5948 	39.3854 	803.70 
1130	88.6038 	39.3806 	800.70 
1131	88.6119 	39.3763 	811.10 
1132	88.6196 	39.3722 	807.70 
1133	88.6300 	39.3666 	809.40 
1134	88.6392 	39.3617 	808.50 
1135	88.6476 	39.3571 	819.50 
1136	88.6554 	39.3531 	817.30 
1137	88.6641 	39.3483 	819.40 
1138	88.6695 	39.3454 	822.60 
1139	88.6817 	39.3389 	820.50 
1140	88.6904 	39.3340 	826.00 
1141	88.6976 	39.3302 	825.60 
1142	88.7045 	39.3265 	842.50 
1143	88.7153 	39.3207 	844.40 
1144	88.7239 	39.3161 	844.00 
1145	88.7318 	39.3119 	858.70 
1146	88.7421 	39.3064 	864.20 
1147	88.7495 	39.3024 	865.10 
1148	88.7578 	39.2980 	867.10 
1149	88.7648 	39.2943 	870.70 
1150	88.7760 	39.2883 	870.10 
1151	88.7840 	39.2841 	878.20 
1152	88.7931 	39.2792 	877.70 
1153	88.7999 	39.2757 	880.20 
1154	88.8111 	39.2692 	886.30 
1155	88.8177 	39.2632 	887.50 
1156	88.8226 	39.2569 	896.00 
1157	88.8289 	39.2472 	905.10 
1158	88.8334 	39.2399 	908.90 
1159	88.8379 	39.2326 	919.30 
1160	88.8420 	39.2259 	927.50 
1161	88.8491 	39.2129 	944.00 
1162	88.8547 	39.2036 	954.10 
1163	88.8777 	39.1942 	960.10 
1164	88.8915 	39.1984 	959.80 
1165	88.9020 	39.1998 	961.80 
1166	88.9130 	39.1995 	958.30 
1167	88.9220 	39.1991 	962.50 
1168	88.9309 	39.1988 	958.70 
1169	88.9404 	39.1968 	958.00 
1170	88.9518 	39.1968 	950.60 
1171	88.9621 	39.1964 	940.40 
1172	88.9715 	39.1960 	949.00 
1173	88.9805 	39.1957 	943.30 
1174	88.9949 	39.1970 	942.00 
1175	89.0043 	39.1985 	946.20 
1176	89.0137 	39.1999 	954.60 
1177	89.0220 	39.2012 	954.40 
1178	89.0318 	39.2026 	956.40 
1179	89.0428 	39.2042 	959.30 
1180	89.0532 	39.2058 	957.50 
1181	89.0613 	39.2070 	964.70 
1182	89.0710 	39.2085 	966.60 
1183	89.0832 	39.2102 	968.80 
1184	89.0927 	39.2112 	981.60 
1185	89.1039 	39.2123 	981.40 
1186	89.1158 	39.2127 	996.60 
1187	89.1279 	39.2120 	1016.40 
1188	89.1422 	39.2100 	1029.60 
1189	89.1510 	39.2105 	1033.90 
1190	89.1599 	39.2100 	1044.40 
1191	89.1671 	39.2097 	1044.40 
1192	89.1773 	39.2092 	1052.50 
1193	89.1884 	39.2086 	1060.70 
1194	89.2009 	39.2078 	1069.50 
1195	89.2126 	39.2070 	1075.10 
1196	89.2227 	39.2065 	1077.60 
1197	89.2332 	39.2064 	1096.20 
1198	89.2424 	39.2055 	1097.70 
1199	89.2535 	39.2049 	1101.50 
1200	89.2634 	39.2051 	1106.70 
1201	89.2718 	39.2039 	1116.00 
1202	89.2830 	39.2031 	1125.50 
1203	89.2918 	39.2026 	1132.70 
1204	89.3025 	39.2010 	1143.50 
1205	89.3127 	39.2013 	1151.90 
1206	89.3233 	39.2009 	1156.80 
1207	89.3362 	39.2014 	1163.40 
1208	89.3456 	39.2019 	1169.40 
1209	89.3564 	39.2033 	1172.50 
1210	89.3693 	39.2038 	1182.20 
1211	89.3800 	39.2042 	1192.80 
1212	89.3892 	39.2047 	1208.30 
1213	89.4034 	39.2052 	1212.30 
1214	89.4116 	39.2056 	1215.00 
1215	89.4220 	39.2060 	1230.00 
1216	89.4319 	39.2064 	1238.80 
1217	89.4440 	39.2068 	1246.50 
1218	89.4565 	39.2074 	1258.40 
1219	89.4685 	39.2078 	1267.40 
1220	89.4823 	39.2078 	1282.20 
1221	89.4937 	39.2058 	1298.50 
1222	89.5036 	39.2040 	1308.40 
1223	89.5123 	39.2024 	1322.50 
1224	89.5214 	39.2007 	1332.00 
1225	89.5324 	39.1986 	1354.20 
1226	89.5434 	39.1966 	1369.40 
1227	89.5534 	39.1948 	1388.70 
1228	89.5630 	39.1930 	1402.90 
1229	89.5725 	39.1912 	1413.70 
1230	89.5810 	39.1896 	1430.10 
1231	89.5910 	39.1878 	1454.80 
1232	89.6014 	39.1858 	1474.00 
1233	89.6132 	39.1838 	1488.30 
1234	89.6226 	39.1819 	1507.20 
1235	89.6311 	39.1803 	1522.50 
1236	89.6414 	39.1784 	1537.80 
1237	89.6518 	39.1765 	1554.00 
1238	89.6610 	39.1748 	1565.90 
1239	89.6681 	39.1735 	1580.50 
1240	89.6769 	39.1728 	1591.80 
1241	89.6858 	39.1721 	1597.30 
1242	89.6956 	39.1713 	1613.20 
1243	89.7060 	39.1705 	1621.80 
1244	89.7115 	39.1701 	1620.20 
1245	89.7196 	39.1694 	1631.80 
1246	89.7296 	39.1687 	1631.80 
1247	89.7428 	39.1677 	1647.50 
1248	89.7557 	39.1666 	1649.30 
1249	89.7665 	39.1658 	1655.50 
1250	89.7780 	39.1649 	1646.20 
1251	89.7865 	39.1642 	1661.30 
1252	89.7951 	39.1635 	1685.30 
1253	89.8069 	39.1626 	1708.20 
1254	89.8196 	39.1616 	1729.10 
1255	89.8287 	39.1609 	1747.60 
1256	89.8404 	39.1600 	1794.40 
1257	89.8509 	39.1592 	1794.50 
1258	89.8638 	39.1580 	1823.00 
1259	89.8793 	39.1585 	1849.50 
1260	89.8871 	39.1572 	1863.00 
1261	89.8987 	39.1576 	1890.20 
1262	89.9105 	39.1555 	1863.80 
1263	89.9154 	39.1535 	1860.80 
1264	89.9303 	39.1517 	1890.50 
1266	89.9467 	39.1489 	1917.00 
1267	89.9561 	39.1476 	1935.30 
1268	89.9641 	39.1452 	1951.00 
1269	89.9742 	39.1421 	1970.80 
1270	89.9868 	39.1385 	1982.50 
1271	90.0000 	39.1407 	2030.80 
1272	90.0109 	39.1387 	2044.70 
1273	90.0210 	39.1380 	2073.80 
1274	90.0326 	39.1379 	2093.20 
1275	90.0396 	39.1376 	2106.40 
1276	90.0463 	39.1386 	2112.90 
1277	90.0649 	39.1384 	2153.20 
1278	90.0739 	39.1371 	2169.80 
1279	90.0813 	39.1349 	2189.20 
1280	90.0940 	39.1309 	2215.20 
1281	90.1045 	39.1313 	2235.10 
1282	90.1188 	39.1274 	2273.20 
1283	90.1349 	39.1243 	2309.40 
1284	90.1470 	39.1155 	2343.20 
1285	90.1508 	39.1115 	2360.00 
1286	90.1588 	39.0983 	2399.60 
1287	90.1658 	39.0910 	2414.90 
1289	90.1805 	39.0891 	2446.50 
1290	90.1913 	39.0822 	2489.40 
1291	90.2019 	39.0801 	2509.40 
1293	90.2087 	39.0703 	2558.00 
1294	90.2125 	39.0621 	2588.60 
1295	90.2253 	39.0589 	2624.80 
1296	90.2269 	39.0502 	2643.80 
1297	90.2241 	39.0458 	2668.30 
1298	90.2182 	39.0357 	2743.70 
1299	90.2152 	39.0253 	2777.50 
1300	90.2143 	39.0189 	2793.60 
1301	90.2119 	39.0154 	2807.00 
1302	90.2024 	39.0067 	2832.70 
1303	90.1862 	38.9980 	2912.60 
1304	90.1817 	38.9914 	2901.90 
1305	90.1797 	38.9826 	2926.80 
1306	90.1810 	38.9752 	2953.50 
1307	90.1697 	38.9654 	3006.60 
1308	90.1581 	38.9599 	3043.80 
1309	90.1527 	38.9478 	3094.00 
1310	90.1532 	38.9382 	3152.00 
1311	90.1607 	38.9278 	3204.80 
1312	90.1623 	38.9145 	3268.40 
1313	90.1641 	38.9100 	3247.40 
1314	90.1750 	38.9002 	3286.00 
1315	90.1820 	38.8945 	3320.00 
1316	90.1942 	38.8879 	3367.00 
1317	90.2041 	38.8837 	3402.00 
1318	90.2175 	38.8804 	3441.00 
1319	90.2363 	38.8773 	3499.00 
1320	90.2532 	38.8763 	3509.00 
1321	90.2669 	38.8652 	3045.10 
1322	90.2662 	38.8542 	3074.80 
1323	90.2631 	38.8424 	3122.20 
1324	90.2566 	38.8320 	3155.90 
1325	90.2502 	38.8207 	3193.40 
1326	90.2376 	38.8061 	3239.40 
1327	90.2289 	38.7962 	3265.40 
1328	90.2221 	38.7860 	3249.30 
1329	90.2167 	38.7791 	3227.20 
1330	90.2122 	38.7733 	3207.10 
1331	90.2095 	38.7654 	3179.90 
1332	90.2032 	38.7574 	3153.30 
1333	90.1960 	38.7494 	3133.40 
1334	90.1923 	38.7430 	3121.50 
1335	90.1884 	38.7356 	3092.20 
1336	90.1856 	38.7286 	3099.90 
1337	90.1813 	38.7209 	3063.70 
1338	90.1787 	38.7133 	3047.60 
1339	90.1764 	38.7057 	3033.00 
1340	90.1737 	38.6970 	3022.90 
1341	90.1721 	38.6892 	3025.50 
1342	90.1706 	38.6803 	3036.60 
1343	90.1696 	38.6731 	3042.20 
1344	90.1689 	38.6645 	3053.60 
1345	90.1673 	38.6571 	3057.90 
1346	90.1666 	38.6513 	3063.00 
1347	90.1661 	38.6417 	3070.70 
1348	90.1644 	38.6326 	3086.00 
1349	90.1638 	38.6250 	3097.10 
1350	90.1631 	38.6165 	3099.90 
1351	90.1644 	38.6098 	3109.90 
1352	90.1625 	38.6053 	3116.30 
1353	90.1616 	38.5975 	3130.10 
1354	90.1605 	38.5885 	3139.80 
1355	90.1594 	38.5795 	3150.40 
1356	90.1571 	38.5707 	3162.00 
1357	90.1542 	38.5620 	3174.10 
1358	90.1514 	38.5533 	3198.30 
1359	90.1485 	38.5445 	3216.70 
1360	90.1456 	38.5358 	3222.10 
1361	90.1421 	38.5283 	3221.70 
1362	90.1356 	38.5184 	3209.60 
1363	90.1320 	38.5127 	3198.30 
1364	90.1264 	38.5032 	3175.10 
1365	90.1237 	38.4958 	3161.30 
1366	90.1181 	38.4897 	3141.90 
1367	90.1079 	38.4737 	3072.60 
1368	90.1103 	38.4666 	3068.80 
1369	90.1109 	38.4584 	3067.20 
1370	90.1163 	38.4481 	3060.00 
1371	90.1193 	38.4404 	3057.40 
1372	90.1220 	38.4346 	3059.30 
1373	90.1221 	38.4217 	3016.60 
1374	90.1290 	38.4224 	3134.60 
1376	90.1464 	38.4075 	3229.00 
1377	90.1508 	38.4015 	3223.80 
1378	90.1579 	38.3941 	3206.70 
1379	90.1603 	38.3873 	3199.50 
1380	90.1648 	38.3797 	3171.80 
1381	90.1712 	38.3707 	3137.40 
1382	90.1838 	38.3623 	3099.50 
1384	90.1991 	38.3535 	3060.20 
1385	90.2108 	38.3493 	3047.00 
1386	90.2230 	38.3480 	3058.20 
1387	90.2341 	38.3468 	3070.00 
1388	90.2502 	38.3451 	3069.10 
1389	90.2628 	38.3433 	3049.10 
1390	90.2694 	38.3422 	3044.70 
1391	90.2849 	38.3395 	3062.00 
1392	90.2926 	38.3382 	3061.80 
1393	90.3014 	38.3367 	3076.00 
1394	90.3126 	38.3348 	3042.20 
1395	90.3230 	38.3330 	3059.40 
1396	90.3358 	38.3308 	3049.30 
1397	90.3435 	38.3295 	3040.30 
1398	90.3489 	38.3286 	3032.40 
1399	90.3621 	38.3264 	3036.90 
1400	90.3737 	38.3263 	3042.70 
1401	90.3795 	38.3268 	3033.60 
1402	90.3924 	38.3274 	3014.50 
1403	90.4031 	38.3278 	3001.60 
1404	90.4119 	38.3279 	2993.80 
1405	90.4209 	38.3287 	2992.10 
1406	90.4265 	38.3290 	2985.80 
1407	90.4301 	38.3288 	2988.70 
1408	90.4535 	38.3297 	2963.60 
1409	90.4679 	38.3305 	2963.80 
1410	90.4743 	38.3307 	2965.60 
1411	90.4883 	38.3313 	2969.90 
1412	90.4995 	38.3313 	2966.50 
1413	90.5093 	38.3317 	2957.60 
1414	90.5213 	38.3325 	2961.10 
1415	90.5310 	38.3326 	2942.40 
1416	90.5439 	38.3327 	2920.20 
1417	90.5504 	38.3326 	2918.70 
1418	90.5604 	38.3324 	2907.90 
1419	90.5660 	38.3323 	2911.40 
1420	90.5832 	38.3319 	2914.50 
1421	90.5958 	38.3312 	2918.90 
1422	90.6060 	38.3308 	2910.80 
1424	90.6248 	38.3297 	2923.60 
1425	90.6389 	38.3294 	2912.80 
1426	90.6473 	38.3291 	2911.00 
1427	90.6584 	38.3274 	2901.30 
1428	90.6737 	38.3267 	2902.00 
1429	90.6795 	38.3236 	2895.70 
1430	90.6907 	38.3210 	2895.80 
1431	90.6989 	38.3184 	2899.80 
1432	90.7116 	38.3139 	2906.60 
1433	90.7194 	38.3102 	2926.70 
1434	90.7271 	38.3063 	2934.50 
1435	90.7368 	38.3016 	2931.10 
1436	90.7455 	38.2973 	2929.90 
1437	90.7551 	38.2925 	2927.10 
1438	90.7667 	38.2869 	2914.70 
1439	90.7780 	38.2820 	2912.20 
1440	90.7870 	38.2769 	2914.80 
1441	90.7966 	38.2722 	2917.80 
1442	90.8034 	38.2688 	2921.40 
1443	90.8133 	38.2639 	2937.60 
1444	90.8211 	38.2594 	2918.10 
1445	90.8323 	38.2508 	2925.20 
1446	90.8386 	38.2408 	2922.10 
1447	90.8463 	38.2284 	2927.40 
1448	90.8538 	38.2162 	2939.10 
1449	90.8606 	38.2051 	2945.90 
1450	90.8672 	38.1934 	2947.40 
1451	90.8789 	38.1785 	2962.90 
1452	90.8896 	38.1706 	2969.30 
1453	90.8973 	38.1650 	2964.40 
1454	90.9022 	38.1598 	2940.50 
1455	90.9058 	38.1554 	2905.00 
1456	90.9141 	38.1508 	2888.30 
1457	90.9230 	38.1492 	2878.50 
1458	90.9272 	38.1487 	2870.00 
1459	90.9380 	38.1472 	2868.60 
1460	90.9472 	38.1420 	2875.40 
1461	90.9521 	38.1409 	2878.00 
1462	90.9597 	38.1373 	2864.10 
1463	90.9659 	38.1341 	2871.40 
1464	90.9743 	38.1297 	2882.10 
1465	90.9813 	38.1263 	2879.60 
1466	90.9924 	38.1209 	2863.20 
1467	91.0003 	38.1171 	2874.30 
1468	91.0089 	38.1128 	2878.10 
1469	91.0187 	38.1082 	2893.40 
1470	91.0329 	38.1012 	2881.80 
1471	91.0434 	38.0964 	2887.40 
1472	91.0528 	38.0914 	2888.10 
1473	91.0631 	38.0866 	2878.80 
1474	91.0718 	38.0824 	2892.10 
1475	91.0803 	38.0783 	2900.60 
1476	91.0896 	38.0740 	2901.70 
1477	91.0984 	38.0701 	2899.10 
1478	91.1069 	38.0664 	2906.00 
1479	91.1161 	38.0623 	2929.10 
1480	91.1242 	38.0588 	2914.80 
1481	91.1321 	38.0542 	2912.80 
1482	91.1408 	38.0482 	2925.90 
1483	91.1472 	38.0433 	2914.10 
1484	91.1558 	38.0369 	2917.90 
1485	91.1632 	38.0322 	2921.10 
1486	91.1710 	38.0279 	2929.10 
1487	91.1791 	38.0231 	2935.90 
1488	91.1867 	38.0188 	2938.40 
1489	91.1951 	38.0136 	2946.20 
1490	91.2030 	38.0059 	2936.40 
